0 1 1
2 3 -1
4 2 -1
4 1 -1
4 5 -1
4 6 -1
7 1 -1
7 5 -1
7 8 -1
9 1 -1
9 5 -1
9 8 -1
10 1 -1
10 5 -1
10 8 -1
11 1 -1
11 5 -1
11 8 -1
12 1 -1
12 5 -1
13 6 -1
13 14 -1
13 5 -1
15 6 -1
15 14 -1
15 16 -1
15 1 -1
17 3 -1
17 5 -1
6 3 -1
6 18 1
6 0 1
6 6 -1
6 14 1
6 19 1
6 1 1
6 5 1
6 15 -1
6 4 -1
14 3 -1
14 18 1
14 14 1
14 16 1
14 4 -1
14 10 -1
20 3 -1
19 3 -1
19 18 1
19 0 1
19 6 1
19 14 1
19 20 1
19 1 1
19 5 1
16 3 -1
16 6 1
16 14 1
16 19 1
16 1 1
16 5 1
1 3 -1
1 18 1
1 7 -1
1 10 -1
1 11 -1
1 9 -1
1 15 -1
1 1 1
5 3 -1
5 18 1
5 10 -1
5 11 -1
5 9 -1
5 5 1
21 6 1
21 19 1
21 0 1
21 1 1
21 5 1
8 21 1
8 6 1
8 14 1
1 22 -1
22 1 -1
23 22 1
23 1 -1
1 23 -1
22 3 1
22 22 -1
22 18 -1
22 14 -1
22 24 -1
22 8 -1
1 25 -1
25 3 1
3 14 -1
24 14 1
24 12 1
24 23 1
23 24 1
