0 1 1
2 3 1
2 4 1
5 6 1
7 8 1
9 10 1
11 12 1
7 3 1
13 8 1
14 9 -1
0 15 1
7 14 1
16 17 1
18 3 1
19 20 1
1 1 1
3 21 -1
19 3 1
13 22 1
23 24 1
25 26 -1
27 1 1
28 29 -1
0 19 1
30 19 1
31 32 1
0 32 -1
33 28 1
34 35 1
0 21 -1
27 10 -1
27 35 1
32 36 1
37 31 1
38 3 1
13 38 1
6 39 1
40 16 1
41 3 1
3 42 -1
43 11 1
12 44 1
24 19 1
45 41 1
38 20 1
19 4 1
44 46 1
34 36 -1
11 32 1
47 32 1
48 3 1
47 6 1
46 49 1
10 27 -1
50 34 -1
51 52 1
17 34 -1
13 53 1
49 8 1
9 27 -1
54 39 1
24 32 1
35 34 -1
35 35 1
20 55 -1
52 30 1
52 25 1
8 1 1
35 27 -1
27 13 1
36 12 1
56 44 1
42 25 -1
25 19 -1
42 30 -1
8 14 1
6 36 1
55 33 -1
29 38 -1
5 32 1
22 35 1
57 58 1
59 6 1
31 6 1
3 23 1
60 0 1
36 61 1
38 40 1
62 3 1
29 27 -1
7 23 1
63 59 1
21 60 -1
3 14 1
52 8 1
34 3 -1
25 42 -1
59 32 1
64 32 1
39 48 1
19 56 1
36 65 1
53 57 1
50 66 -1
13 36 1
52 18 1
3 8 1
3 30 1
4 9 -1
3 25 1
32 60 1
10 9 1
26 9 1
0 34 -1
67 64 1
24 45 1
1 9 -1
8 23 1
19 53 1
3 9 -1
38 23 1
64 6 1
66 3 -1
61 57 1
68 45 1
69 47 1
11 54 1
39 26 1
7 30 1
7 25 1
8 9 -1
65 60 1
70 59 1
44 34 -1
30 9 -1
15 62 1
30 42 -1
13 70 1
71 5 1
22 22 1
58 2 1
49 50 1
